{
 "cells": [
  {
   "cell_type": "code",
   "execution_count": 1,
   "id": "07e93a77",
   "metadata": {},
   "outputs": [],
   "source": [
    "import numpy as np\n",
    "import matplotlib.pyplot as plt\n",
    "import math\n",
    "import cv2 as cv"
   ]
  },
  {
   "cell_type": "code",
   "execution_count": 173,
   "id": "710dab53",
   "metadata": {},
   "outputs": [],
   "source": [
    "def co_ocurrencia_matriz(img, distance, theta, normalizar = False):\n",
    "    M = np.zeros((256,256), dtype = float)\n",
    "    m, n = img.shape\n",
    "    if theta == 0:\n",
    "        horizontal_step  = distance\n",
    "        vertical_step = 0\n",
    "    elif theta == 45:\n",
    "        horizontal_step = distance\n",
    "        vertical_step = distance\n",
    "    elif theta == 90:\n",
    "        horizontal_step = 0\n",
    "        vertical_step = distance\n",
    "    elif theta == 135:\n",
    "        horizontal_step = -distance\n",
    "        vertical_step = distance\n",
    "    for i in range(m):\n",
    "        for j in range(n):\n",
    "            try :\n",
    "                x = i + vertical_step\n",
    "                y = j + horizontal_step\n",
    "                if x >= 0 and y >= 0 :\n",
    "                    p1 = int(img[i,j])\n",
    "                    p2 = int(img[i + vertical_step, j + horizontal_step])\n",
    "                    M[p1][p2] += 1\n",
    "            except IndexError:\n",
    "                j = n\n",
    "    if normalizar:\n",
    "        return M/M.sum()\n",
    "    return M"
   ]
  },
  {
   "cell_type": "code",
   "execution_count": 174,
   "id": "1cb4e634",
   "metadata": {},
   "outputs": [],
   "source": [
    "def sum_hist(img, d, theta, plot):\n",
    "    H = np.zeros(511)\n",
    "    m, n = img.shape\n",
    "    if theta == 0:\n",
    "        horizontal_step  = distance\n",
    "        vertical_step = 0\n",
    "    elif theta == 45:\n",
    "        horizontal_step = distance\n",
    "        vertical_step = distance\n",
    "    elif theta == 90:\n",
    "        horizontal_step = 0\n",
    "        vertical_step = distance\n",
    "    elif theta == 135:\n",
    "        horizontal_step = -distance\n",
    "        vertical_step = distance\n",
    "    for i in range(m):\n",
    "        for j in range(n):\n",
    "            try :\n",
    "                p1 = int(img[i,j])\n",
    "                p2 = int(img[i + vertical_step,j + horizontal_step])\n",
    "                H[p1+p2] += 1\n",
    "            except IndexError:\n",
    "                j = n\n",
    "    if plot:\n",
    "        plt.plot(range(len(H)), H[0:len(H)])\n",
    "    return H\n",
    "\n",
    "\n",
    "def res_hist(img, d, theta, plot):\n",
    "    H = np.zeros(511)\n",
    "    m, n = img.shape\n",
    "    if theta == 0:\n",
    "        horizontal_step  = distance\n",
    "        vertical_step = 0\n",
    "    elif theta == 45:\n",
    "        horizontal_step = distance\n",
    "        vertical_step = distance\n",
    "    elif theta == 90:\n",
    "        horizontal_step = 0\n",
    "        vertical_step = distance\n",
    "    elif theta == 135:\n",
    "        horizontal_step = -distance\n",
    "        vertical_step = distance\n",
    "    for i in range(m):\n",
    "        for j in range(n):\n",
    "            try :\n",
    "                p1 = int(img[i,j])\n",
    "                p2 = int(img[i + vertical_step,j + horizontal_step])\n",
    "                H[p1 - p2 + 255] += 1\n",
    "            except IndexError:\n",
    "                j = n\n",
    "    if plot:\n",
    "        plt.plot(range(len(H)), H[0:len(H)])\n",
    "    return H\n",
    "\n",
    "\n",
    "def sum_diff_histogram(img, distance, plot):\n",
    "    Hs = sum_hist(img, distance, plot)\n",
    "    Hd = res_hist(img, distance, plot)\n",
    "    return Hs, Hd"
   ]
  },
  {
   "cell_type": "code",
   "execution_count": 211,
   "id": "dbd4bce8",
   "metadata": {},
   "outputs": [
    {
     "data": {
      "text/plain": [
       "1.0"
      ]
     },
     "execution_count": 211,
     "metadata": {},
     "output_type": "execute_result"
    }
   ],
   "source": [
    "lista = [1,2, 3, 4, 3, 10]\n",
    "suma = sum(lista)\n",
    "lista_norm = [x/suma for x in lista]\n",
    "sum(lista_norm)\n"
   ]
  },
  {
   "cell_type": "code",
   "execution_count": 218,
   "id": "e8d1bd59",
   "metadata": {},
   "outputs": [],
   "source": [
    "def get_descriptors_glcm(G, main_descriptors = True):\n",
    "    m, n = G.shape\n",
    "    asm = 0\n",
    "    ent = 0\n",
    "    con = 0\n",
    "    dis = 0\n",
    "    hom = 0\n",
    "    mu = 0\n",
    "    for i in range(m):\n",
    "        for j in range(n):\n",
    "            asm += G[i,j]**2\n",
    "            ent -= G[i,j]*math.log(G[i,j] + 1)\n",
    "            con += G[i,j]*(i-j)**2\n",
    "            dis += G[i,j]*abs(i-j)\n",
    "            hom += (1/(1+ (i-j)**2))*G[i,j]\n",
    "            mu += i*G[i,j]\n",
    "    ene = (asm)**0.5\n",
    "    cor = 0\n",
    "    var = 0\n",
    "    csha = 0\n",
    "    cpro = 0\n",
    "    for i in range(m):\n",
    "        for j in range(n):\n",
    "            cor += (i-mu)*(j-mu)*G[i,j]\n",
    "            var += G[i,j]*(i-mu)**2\n",
    "            csha += G[i,j]*(i+j-2*mu)**3\n",
    "            cpro += G[i,j]*(i+j-2*mu)**4\n",
    "    if main_descriptors:\n",
    "        descriptors = [con, dis, hom, ene, cor, asm]\n",
    "        suma = sum(descriptors)\n",
    "        descriptors_norm = [x/suma for x in descriptors]\n",
    "        return descriptors_norm\n",
    "    else:\n",
    "        return [asm, ene, ent, con, dis, hom, mu, cor, var, csha, cpro]"
   ]
  },
  {
   "cell_type": "code",
   "execution_count": 5,
   "id": "70143596",
   "metadata": {},
   "outputs": [],
   "source": [
    "def get_descriptors_sdh(Hs, Hd):\n",
    "    m = len(Hs)\n",
    "    n = len(Hd)\n",
    "    asm = 0\n",
    "    ent = 0\n",
    "    con = 0\n",
    "    dis = 0\n",
    "    hom = 0\n",
    "    mu = 0\n",
    "    cor = 0\n",
    "    for i in range(m):\n",
    "        asm += (Hs[i]**2)*(Hd[i]**2)\n",
    "        ent += -(Hs[i]*math.log(Hs[i] + 1)) - (Hd[i]*math.log(Hd[i] + 1))\n",
    "        con += Hd[i] * (i**2)\n",
    "        dis += Hd[i] * abs(i)\n",
    "        hom += Hd[i] * (1/(1+i**2))\n",
    "        mu += 0.5 * ((i*Hs[i]) + (i*Hd[i]))\n",
    "        var += 0.5*((Hs[j]*(j-2*mu)**2) + (Hd[j]*(j)**2))\n",
    "        #cor += \n",
    "    ene = (asm)**0.5\n",
    "    #cor = 0\n",
    "    var = 0\n",
    "    csha = 0\n",
    "    cpro = 0\n",
    "    for j in range(n):\n",
    "        cor += 0.5*((Hs[j]*(j-2*mu)**2) - (Hd[j]*(j)**2))\n",
    "        var += 0.5*((Hs[j]*(j-2*mu)**2) + (Hd[j]*(j)**2))\n",
    "        csha += Hs[j]*(j-2*mu)**3\n",
    "        cpro += Hs[j]*(j-2*mu)**4\n",
    "    return [asm]"
   ]
  },
  {
   "cell_type": "code",
   "execution_count": 213,
   "id": "440d6dbe",
   "metadata": {},
   "outputs": [],
   "source": [
    "# Definimos la ruta\n",
    "path = '/home/vega/Escritorio/vision_artificial/Ingeniería de Calidad-20230520T201236Z-001/Ingeniería de Calidad/Images/Texture/Colored_Brodatz/Colored Brodatz/'\n",
    "# Obtenemos la matriz de co-ocurrencia de cada imagen\n",
    "GLCM_1_0 = []\n",
    "GLCM_1_45 = []\n",
    "GLCM_1_90 = []\n",
    "GLCM_1_135 = []\n",
    "for k in range(1,113):\n",
    "    image_name = path + 'D' + str(k) + '_COLORED.tif'\n",
    "    img = cv.imread(image_name, cv.IMREAD_GRAYSCALE)\n",
    "    GLCM_1_0.append(co_ocurrencia_matriz(img, 1, 0, True))\n",
    "    GLCM_1_45.append(co_ocurrencia_matriz(img, 1, 45, True))\n",
    "    GLCM_1_90.append(co_ocurrencia_matriz(img, 1, 90, True))\n",
    "    GLCM_1_135.append(co_ocurrencia_matriz(img, 1, 135, True))"
   ]
  },
  {
   "cell_type": "code",
   "execution_count": 219,
   "id": "44a1efe8",
   "metadata": {},
   "outputs": [],
   "source": [
    "# Obtenemos las características para cada imagen a partir de su matriz de co-ocurrencia\n",
    "num_matrices = len(GLCM_1_0)\n",
    "features_from_glcm_0 = []\n",
    "features_from_glcm_45 = []\n",
    "features_from_glcm_90 = []\n",
    "features_from_glcm_135 = []\n",
    "for i in range(num_matrices):\n",
    "    features_from_glcm_0.append(get_descriptors_glcm(GLCM_1_0[i]))\n",
    "    features_from_glcm_45.append(get_descriptors_glcm(GLCM_1_45[i]))\n",
    "    features_from_glcm_90.append(get_descriptors_glcm(GLCM_1_90[i]))\n",
    "    features_from_glcm_135.append(get_descriptors_glcm(GLCM_1_135[i]))"
   ]
  },
  {
   "cell_type": "code",
   "execution_count": 220,
   "id": "25fd0b35",
   "metadata": {},
   "outputs": [
    {
     "data": {
      "text/plain": [
       "[[0.21669769518682216,\n",
       "  0.00825060038572338,\n",
       "  0.00026514748425609353,\n",
       "  6.985102516698914e-05,\n",
       "  0.7747121885542512,\n",
       "  4.517363780158145e-06],\n",
       " [0.21520074581394089,\n",
       "  0.010262901268815072,\n",
       "  0.00015587740581960344,\n",
       "  4.19322878219723e-05,\n",
       "  0.7743367349690528,\n",
       "  1.8082545498853827e-06],\n",
       " [0.3948589018872375,\n",
       "  0.011777475230299796,\n",
       "  0.00018879249520146134,\n",
       "  9.74362391065224e-05,\n",
       "  0.5930662721013616,\n",
       "  1.1122046792997668e-05],\n",
       " [0.39870137758289703,\n",
       "  0.011029630183371717,\n",
       "  5.261954334287421e-05,\n",
       "  1.4267833804175793e-05,\n",
       "  0.5902017484262045,\n",
       "  3.56430379799713e-07],\n",
       " [0.13928720049360893,\n",
       "  0.005279282067991724,\n",
       "  8.256047073497496e-05,\n",
       "  1.8691689559199357e-05,\n",
       "  0.8553315120883962,\n",
       "  7.531897089988091e-07],\n",
       " [0.673079529654922,\n",
       "  0.010873110125244539,\n",
       "  0.00016726528052947066,\n",
       "  6.478376333840802e-05,\n",
       "  0.31580893125186915,\n",
       "  6.379924096263466e-06],\n",
       " [0.1240437718885282,\n",
       "  0.004436110602983865,\n",
       "  0.00015810487651294778,\n",
       "  7.359425894183178e-05,\n",
       "  0.8712774562166437,\n",
       "  1.0962156389397901e-05],\n",
       " [0.09227104503078254,\n",
       "  0.007557720292020119,\n",
       "  0.00030188567744791916,\n",
       "  8.519475526795791e-05,\n",
       "  0.8997781022387541,\n",
       "  6.05200572726912e-06],\n",
       " [0.5089719251038892,\n",
       "  0.008837813860942003,\n",
       "  1.857410334734418e-05,\n",
       "  5.9836611452790575e-06,\n",
       "  0.48216557170018354,\n",
       "  1.3157049261323676e-07],\n",
       " [0.46511939239220945,\n",
       "  0.006799330355220051,\n",
       "  9.804336146409312e-05,\n",
       "  4.812450592924155e-05,\n",
       "  0.5279285173810285,\n",
       "  6.5920041486598505e-06],\n",
       " [0.3570913086466481,\n",
       "  0.010219505879960991,\n",
       "  4.420865671165698e-05,\n",
       "  1.2806083145797948e-05,\n",
       "  0.6326318570950241,\n",
       "  3.136385093106376e-07],\n",
       " [0.31138723123146134,\n",
       "  0.008895690416221878,\n",
       "  0.00011798854611375664,\n",
       "  4.1231412067693734e-05,\n",
       "  0.6795549929324864,\n",
       "  2.8654616488257556e-06],\n",
       " [0.18819982814617175,\n",
       "  0.007729985083308642,\n",
       "  0.00018229375030162425,\n",
       "  5.6496181316133713e-05,\n",
       "  0.8038273686947187,\n",
       "  4.0281441831305256e-06],\n",
       " [0.6249536880517663,\n",
       "  0.0070167341158385976,\n",
       "  3.840683327788092e-05,\n",
       "  5.8684247223695614e-06,\n",
       "  0.3679851381789877,\n",
       "  1.6439540720336616e-07],\n",
       " [0.45859468321667174,\n",
       "  0.006444062553679297,\n",
       "  1.8791078092447778e-05,\n",
       "  8.759417174460884e-06,\n",
       "  0.5349332819932106,\n",
       "  4.217411714697023e-07],\n",
       " [0.8073746336476736,\n",
       "  0.023757891690055096,\n",
       "  6.809123788936598e-05,\n",
       "  3.5925413616182455e-05,\n",
       "  0.16876231622996843,\n",
       "  1.141780797244411e-06],\n",
       " [0.4133010099716581,\n",
       "  0.011791868162173964,\n",
       "  8.154614412570586e-05,\n",
       "  3.0565991972337655e-05,\n",
       "  0.5747936294122704,\n",
       "  1.3803177993270738e-06],\n",
       " [0.11536666872188737,\n",
       "  0.00826778182613896,\n",
       "  0.0003535227288507667,\n",
       "  6.771901601726627e-05,\n",
       "  0.8759410458326541,\n",
       "  3.2618744515325476e-06],\n",
       " [0.2739575000404863,\n",
       "  0.009554112010004032,\n",
       "  7.068164196738077e-05,\n",
       "  2.499542695023607e-05,\n",
       "  0.7163916880357881,\n",
       "  1.022844803899724e-06],\n",
       " [0.2259738929695829,\n",
       "  0.004875285469526275,\n",
       "  0.00010865221043167911,\n",
       "  3.5829446804599814e-05,\n",
       "  0.7690029521213054,\n",
       "  3.3877823491574853e-06],\n",
       " [0.7455804509972039,\n",
       "  0.008259490546895159,\n",
       "  2.2161332968488844e-05,\n",
       "  9.819584864284614e-06,\n",
       "  0.24612758614409688,\n",
       "  4.913939713547276e-07],\n",
       " [0.32969219245738424,\n",
       "  0.007409544071893312,\n",
       "  6.330354252586638e-05,\n",
       "  2.2332460788207103e-05,\n",
       "  0.6628113563811844,\n",
       "  1.2710862239578307e-06],\n",
       " [0.08229068219351887,\n",
       "  0.0028031525596436354,\n",
       "  5.632047840666805e-05,\n",
       "  1.0315998396027045e-05,\n",
       "  0.9148391270353144,\n",
       "  4.0173472033187784e-07],\n",
       " [0.5517893074761266,\n",
       "  0.01214111517803292,\n",
       "  4.2054198981954036e-05,\n",
       "  1.301319845670654e-05,\n",
       "  0.4360141604887209,\n",
       "  3.494596809592597e-07],\n",
       " [0.13078997698760064,\n",
       "  0.003852346756385679,\n",
       "  0.0003337595773403344,\n",
       "  0.00016899718820804842,\n",
       "  0.864811434718365,\n",
       "  4.3484772100373944e-05],\n",
       " [0.13400402810623632,\n",
       "  0.005420220476141407,\n",
       "  0.0001933415985000914,\n",
       "  5.2932236334536435e-05,\n",
       "  0.8603254021465426,\n",
       "  4.0754362450011e-06],\n",
       " [0.09206348989840846,\n",
       "  0.005534943412336954,\n",
       "  0.00022316304394670475,\n",
       "  4.2447858739792575e-05,\n",
       "  0.902133830886381,\n",
       "  2.1249001870707752e-06],\n",
       " [0.16988068043037197,\n",
       "  0.005339430775259,\n",
       "  4.6929420913390585e-05,\n",
       "  1.1023867492502377e-05,\n",
       "  0.8247215856366971,\n",
       "  3.498692659103483e-07],\n",
       " [0.3575544347682447,\n",
       "  0.010329180524439097,\n",
       "  7.518419960688642e-05,\n",
       "  1.8757589853009122e-05,\n",
       "  0.632021887277534,\n",
       "  5.556403223991017e-07],\n",
       " [0.02672228859778618,\n",
       "  0.0018751495813690102,\n",
       "  0.0001607102320364491,\n",
       "  2.742984757352762e-05,\n",
       "  0.97121272521846,\n",
       "  1.696522774805181e-06],\n",
       " [0.04083386060459419,\n",
       "  0.0034268942204567837,\n",
       "  0.000331671357474935,\n",
       "  6.185011789909858e-05,\n",
       "  0.955341510308508,\n",
       "  4.213391067055652e-06],\n",
       " [0.5290372780207551,\n",
       "  0.011583261711685418,\n",
       "  0.00014636435642187512,\n",
       "  6.232995921644421e-05,\n",
       "  0.45916520437413033,\n",
       "  5.561577790903215e-06],\n",
       " [0.41144180481848,\n",
       "  0.009872077188508183,\n",
       "  0.00027983049156805623,\n",
       "  0.00010206795064469592,\n",
       "  0.5782927903262407,\n",
       "  1.1429224558183062e-05],\n",
       " [0.22560460851312156,\n",
       "  0.005721205658070035,\n",
       "  0.0002551691313217804,\n",
       "  9.837515811384803e-05,\n",
       "  0.7683059001518642,\n",
       "  1.4741387508435811e-05],\n",
       " [0.3199409412717887,\n",
       "  0.006330127990919711,\n",
       "  3.763110133663898e-05,\n",
       "  1.2736354001630032e-05,\n",
       "  0.6736779952458511,\n",
       "  5.680361023228604e-07],\n",
       " [0.36411634753380817,\n",
       "  0.007818702521513841,\n",
       "  4.249743232038838e-05,\n",
       "  1.1183402175145672e-05,\n",
       "  0.6280109226472212,\n",
       "  3.464629609805842e-07],\n",
       " [0.0906966701425663,\n",
       "  0.005622095979701377,\n",
       "  0.0001120645390227362,\n",
       "  2.19510875424516e-05,\n",
       "  0.9035464690193548,\n",
       "  7.492318124277344e-07],\n",
       " [0.055821890868195244,\n",
       "  0.0031893524696025343,\n",
       "  6.485205010372138e-05,\n",
       "  1.4362938216779189e-05,\n",
       "  0.9409089553184319,\n",
       "  5.863554497735171e-07],\n",
       " [0.23778370513668043,\n",
       "  0.0063072638204657245,\n",
       "  0.00015505776214188473,\n",
       "  4.66308495271443e-05,\n",
       "  0.7557034781335266,\n",
       "  3.864297658324342e-06],\n",
       " [0.25806544883742655,\n",
       "  0.008612522592444318,\n",
       "  0.0003590360043859554,\n",
       "  0.00020435216672243432,\n",
       "  0.732716573896383,\n",
       "  4.20665026377279e-05],\n",
       " [0.38268789733590386,\n",
       "  0.009965061110005679,\n",
       "  0.00020085352469534294,\n",
       "  0.00010673056928769986,\n",
       "  0.6070249466505676,\n",
       "  1.451080953986368e-05],\n",
       " [0.1597453695816871,\n",
       "  0.005990749670771995,\n",
       "  0.00015543763350142511,\n",
       "  4.9894824754677246e-05,\n",
       "  0.834054536958102,\n",
       "  4.011331182782815e-06],\n",
       " [0.21522057338461184,\n",
       "  0.0061101782732731836,\n",
       "  0.0005904464054643046,\n",
       "  0.00030160875498521663,\n",
       "  0.7776989334227962,\n",
       "  7.825975886937986e-05],\n",
       " [0.24746370015095298,\n",
       "  0.0068080243636261155,\n",
       "  0.0006330054897025607,\n",
       "  0.00034479507655867,\n",
       "  0.7446581979688794,\n",
       "  9.227695028016849e-05],\n",
       " [0.1531397044541272,\n",
       "  0.004500745459065332,\n",
       "  0.00031992197614009657,\n",
       "  0.0001390114033825216,\n",
       "  0.8418742324320532,\n",
       "  2.638427523181673e-05],\n",
       " [0.0614009189858628,\n",
       "  0.003502355739092007,\n",
       "  0.00013548428319495718,\n",
       "  3.1244712411917105e-05,\n",
       "  0.9349281716659067,\n",
       "  1.8246135315989996e-06],\n",
       " [0.12765860915810937,\n",
       "  0.0036596805191072197,\n",
       "  0.000155722425318052,\n",
       "  4.54496039579996e-05,\n",
       "  0.8684762855195663,\n",
       "  4.252773940935262e-06],\n",
       " [0.007838804411816502,\n",
       "  0.0009104586839386569,\n",
       "  8.968600581028478e-05,\n",
       "  1.8203123145022206e-05,\n",
       "  0.9911414692730237,\n",
       "  1.378502265918025e-06],\n",
       " [0.013830489940777116,\n",
       "  0.0013783739923528418,\n",
       "  0.0004998922270086943,\n",
       "  0.00011433263125300578,\n",
       "  0.984161748367437,\n",
       "  1.5162841171344857e-05],\n",
       " [0.20698693007129604,\n",
       "  0.005972737413974753,\n",
       "  6.852742275607567e-05,\n",
       "  1.5302418745377125e-05,\n",
       "  0.7869559297151295,\n",
       "  5.729580980894581e-07],\n",
       " [0.15696071153241087,\n",
       "  0.005056331914391717,\n",
       "  0.00014793139085231394,\n",
       "  3.623636442768693e-05,\n",
       "  0.8377961702893724,\n",
       "  2.618508544981352e-06],\n",
       " [0.2882095954797989,\n",
       "  0.009820950823117777,\n",
       "  0.0001498348681378424,\n",
       "  4.338102463925991e-05,\n",
       "  0.7017738087038109,\n",
       "  2.4291004952830098e-06],\n",
       " [0.5276193128803242,\n",
       "  0.013816241927582618,\n",
       "  5.572299923941089e-05,\n",
       "  2.1876327210113766e-05,\n",
       "  0.45848611174565407,\n",
       "  7.341199896368143e-07],\n",
       " [0.1628475785758274,\n",
       "  0.009251231569648405,\n",
       "  0.0003145338787654259,\n",
       "  6.340089455868217e-05,\n",
       "  0.827520178457001,\n",
       "  3.0766241989975505e-06],\n",
       " [0.3172849411889671,\n",
       "  0.0070700989733739625,\n",
       "  6.652298367414711e-05,\n",
       "  1.5271176848390265e-05,\n",
       "  0.6755626392788039,\n",
       "  5.263983324861388e-07],\n",
       " [0.051349782126179806,\n",
       "  0.003077505180491003,\n",
       "  0.000135821798153693,\n",
       "  2.2530725322937392e-05,\n",
       "  0.9454133331130878,\n",
       "  1.027056764792598e-06],\n",
       " [0.3027850275336762,\n",
       "  0.008351615175067289,\n",
       "  4.9658389526571254e-05,\n",
       "  1.4076936101487092e-05,\n",
       "  0.688799186973278,\n",
       "  4.3499235053374797e-07],\n",
       " [0.0964785305302579,\n",
       "  0.005464586239509953,\n",
       "  0.00025012397781044545,\n",
       "  8.877702245430086e-05,\n",
       "  0.8977088043771481,\n",
       "  9.177852819315557e-06],\n",
       " [0.026283504131866937,\n",
       "  0.0021338200382144666,\n",
       "  0.00020341200515341275,\n",
       "  3.941067751773732e-05,\n",
       "  0.9713369466081904,\n",
       "  2.9065390570911972e-06],\n",
       " [0.18896159601728874,\n",
       "  0.008092347527219467,\n",
       "  0.0002690746209061297,\n",
       "  9.759757361465566e-05,\n",
       "  0.8025696423127585,\n",
       "  9.741948212504671e-06],\n",
       " [0.1179144298062026,\n",
       "  0.005612446489421049,\n",
       "  0.00011703698068306895,\n",
       "  2.4612002724341515e-05,\n",
       "  0.876330483431361,\n",
       "  9.9128960793088e-07],\n",
       " [0.03905853894785916,\n",
       "  0.002049270099284676,\n",
       "  0.00014277366189506448,\n",
       "  3.610834692099772e-05,\n",
       "  0.9587098020082407,\n",
       "  3.5069357994664456e-06],\n",
       " [0.13182774347609477,\n",
       "  0.004177428024589266,\n",
       "  5.653645239086936e-05,\n",
       "  1.8054838712506547e-05,\n",
       "  0.8639192249064691,\n",
       "  1.012301743492433e-06],\n",
       " [0.2152458651453957,\n",
       "  0.010056256677616272,\n",
       "  0.0004092221718943191,\n",
       "  9.120406419560367e-05,\n",
       "  0.7741918388908394,\n",
       "  5.61305005859504e-06],\n",
       " [0.13602531805108037,\n",
       "  0.0038368137296170275,\n",
       "  0.00013366071656024781,\n",
       "  2.3801342892480683e-05,\n",
       "  0.8599792058524786,\n",
       "  1.200307371172127e-06],\n",
       " [0.2213738791560576,\n",
       "  0.005098901298698059,\n",
       "  0.0002512374285041563,\n",
       "  5.087979411999416e-05,\n",
       "  0.7732213406893318,\n",
       "  3.7616332883728315e-06],\n",
       " [0.17219320115830852,\n",
       "  0.0023173488583099065,\n",
       "  4.637355689404442e-05,\n",
       "  1.4707405372483904e-05,\n",
       "  0.8254268499505348,\n",
       "  1.519070580195542e-06],\n",
       " [0.5466570924342622,\n",
       "  0.011881709481022929,\n",
       "  5.828114576030766e-05,\n",
       "  2.0410377139946e-05,\n",
       "  0.44138177122138855,\n",
       "  7.353404259934452e-07],\n",
       " [0.28112978396350496,\n",
       "  0.008686918637046744,\n",
       "  4.9667693422205856e-05,\n",
       "  1.4817400037958567e-05,\n",
       "  0.7101183609385313,\n",
       "  4.5136745680335986e-07],\n",
       " [0.2786187216405446,\n",
       "  0.012448351036156092,\n",
       "  0.0001453880977985443,\n",
       "  4.5217467994393764e-05,\n",
       "  0.7087404505174896,\n",
       "  1.871240016857997e-06],\n",
       " [0.289810725452328,\n",
       "  0.0072652478198411185,\n",
       "  4.62373114552642e-05,\n",
       "  2.018956223664407e-05,\n",
       "  0.7028563550836191,\n",
       "  1.2447705198670719e-06],\n",
       " [0.22675662797797905,\n",
       "  0.00557309364177333,\n",
       "  4.432642297858658e-05,\n",
       "  1.1471852868767242e-05,\n",
       "  0.7676140707669353,\n",
       "  4.093374650059213e-07],\n",
       " [0.18223150631478632,\n",
       "  0.006942325329996865,\n",
       "  9.337137902445059e-05,\n",
       "  1.961579048469018e-05,\n",
       "  0.8107125214891823,\n",
       "  6.596965253533107e-07],\n",
       " [0.10990444170058339,\n",
       "  0.003868885809401662,\n",
       "  0.00016660587366897038,\n",
       "  5.1413246409398125e-05,\n",
       "  0.8860033590045537,\n",
       "  5.294365382837817e-06],\n",
       " [0.0713118062595768,\n",
       "  0.0016908115339397927,\n",
       "  0.0001330387894199986,\n",
       "  6.563955121397991e-05,\n",
       "  0.926782626286492,\n",
       "  1.607757935740065e-05],\n",
       " [0.409062549390212,\n",
       "  0.014319126103320723,\n",
       "  0.00019206387837163765,\n",
       "  4.927457362002476e-05,\n",
       "  0.5763748516412369,\n",
       "  2.1344132387344976e-06],\n",
       " [0.5143295684464808,\n",
       "  0.018339757659759152,\n",
       "  9.932189944099748e-05,\n",
       "  3.8032759079099956e-05,\n",
       "  0.4671920565025009,\n",
       "  1.2627327390482219e-06],\n",
       " [0.5812254785180231,\n",
       "  0.013558606471745397,\n",
       "  4.540103397200683e-05,\n",
       "  1.589888046347534e-05,\n",
       "  0.40515417943095283,\n",
       "  4.356648431476242e-07],\n",
       " [0.595897365755555,\n",
       "  0.011513833851499377,\n",
       "  1.9512750218561077e-05,\n",
       "  7.199821777585377e-06,\n",
       "  0.3925619488392742,\n",
       "  1.3898167526899551e-07],\n",
       " [0.4476070665959598,\n",
       "  0.008689903749956148,\n",
       "  2.4367234898832314e-05,\n",
       "  6.56978101013977e-06,\n",
       "  0.5436719568346788,\n",
       "  1.3580349615942726e-07],\n",
       " [0.40445401409090026,\n",
       "  0.010311168562333368,\n",
       "  4.713050275313812e-05,\n",
       "  1.348814395276279e-05,\n",
       "  0.5851738305328144,\n",
       "  3.681672460634251e-07],\n",
       " [0.43282136937889615,\n",
       "  0.007435804713954746,\n",
       "  3.252976642606691e-05,\n",
       "  1.1333419596815702e-05,\n",
       "  0.5596984877819213,\n",
       "  4.749392048637023e-07],\n",
       " [0.4348430152120331,\n",
       "  0.009211797906775978,\n",
       "  2.60855975566963e-05,\n",
       "  9.571607820856808e-06,\n",
       "  0.5559092593468443,\n",
       "  2.703289690874984e-07],\n",
       " [0.22786042398216574,\n",
       "  0.0063018650537491104,\n",
       "  5.313967786769647e-05,\n",
       "  1.2515916549521148e-05,\n",
       "  0.7657716488679692,\n",
       "  4.065016987333833e-07],\n",
       " [0.4235354895523477,\n",
       "  0.009769473497329558,\n",
       "  4.759318844903506e-05,\n",
       "  1.3663631771921248e-05,\n",
       "  0.5666333670368067,\n",
       "  4.1309329523789793e-07],\n",
       " [0.21698298530067262,\n",
       "  0.006699324692355768,\n",
       "  7.511543956841882e-05,\n",
       "  1.6683857606830843e-05,\n",
       "  0.7762253267605327,\n",
       "  5.639492636509932e-07],\n",
       " [0.24864300714676232,\n",
       "  0.0061664271039836805,\n",
       "  9.605508141343871e-05,\n",
       "  3.1047660818153327e-05,\n",
       "  0.7450610453203235,\n",
       "  2.41768669915569e-06],\n",
       " [0.02617034479638187,\n",
       "  0.001137034956434308,\n",
       "  6.670594968033123e-05,\n",
       "  1.8792096736917717e-05,\n",
       "  0.9726052557111293,\n",
       "  1.8664896372851075e-06],\n",
       " [0.06392445226503099,\n",
       "  0.003264041549496826,\n",
       "  0.00018626263385972426,\n",
       "  5.791399503629273e-05,\n",
       "  0.9325611964296963,\n",
       "  6.1331268800564995e-06],\n",
       " [0.025232199742656163,\n",
       "  0.003333088916598676,\n",
       "  0.0003704112775290653,\n",
       "  6.440768576930931e-05,\n",
       "  0.9709958161968893,\n",
       "  4.07618055750164e-06],\n",
       " [0.010507555114846892,\n",
       "  0.0013508839326431727,\n",
       "  0.00032465024539710666,\n",
       "  7.035508085482646e-05,\n",
       "  0.9877388158861069,\n",
       "  7.739740151139422e-06],\n",
       " [0.32935611579222684,\n",
       "  0.009777404946406255,\n",
       "  4.299892678828214e-05,\n",
       "  1.3365540179074399e-05,\n",
       "  0.6608097668752669,\n",
       "  3.479191326612365e-07],\n",
       " [0.5802134349131085,\n",
       "  0.010669260619566455,\n",
       "  1.8738214885263452e-05,\n",
       "  8.051258262247706e-06,\n",
       "  0.4090903203975912,\n",
       "  1.9459658621465965e-07],\n",
       " [0.18614785242942375,\n",
       "  0.009954563131753273,\n",
       "  0.0002438316826565943,\n",
       "  6.30572215991938e-05,\n",
       "  0.8035874073224836,\n",
       "  3.288212083764279e-06],\n",
       " [0.09694859033445166,\n",
       "  0.0034703849566236236,\n",
       "  8.024002510018267e-05,\n",
       "  2.330470473374743e-05,\n",
       "  0.8994760112154478,\n",
       "  1.4687636430588145e-06],\n",
       " [0.12066680251707108,\n",
       "  0.007306337103868506,\n",
       "  0.0005070722143488372,\n",
       "  0.00020724581420868127,\n",
       "  0.8712835310896478,\n",
       "  2.9011260855032498e-05],\n",
       " [0.3088870371242658,\n",
       "  0.00802166167036005,\n",
       "  7.054797175027767e-05,\n",
       "  2.8680624686858407e-05,\n",
       "  0.6829902677035518,\n",
       "  1.804905385159311e-06],\n",
       " [0.09835305430157312,\n",
       "  0.006749876285284021,\n",
       "  0.00035646659549912766,\n",
       "  6.527147302000162e-05,\n",
       "  0.8944720018377128,\n",
       "  3.329506910995472e-06],\n",
       " [0.06417512666096187,\n",
       "  0.0038029596313159035,\n",
       "  0.00019666876772661147,\n",
       "  4.232712441172232e-05,\n",
       "  0.9317800822184689,\n",
       "  2.835597114988138e-06],\n",
       " [0.2889944153383785,\n",
       "  0.009707471187496236,\n",
       "  8.324801654567345e-05,\n",
       "  2.1382009403588723e-05,\n",
       "  0.7011927947900944,\n",
       "  6.886580816023959e-07],\n",
       " [0.13521126079738563,\n",
       "  0.00268739860573862,\n",
       "  0.00018190488684350012,\n",
       "  7.50807988273979e-05,\n",
       "  0.8618282294482448,\n",
       "  1.612546296009049e-05],\n",
       " [0.1361652370101932,\n",
       "  0.003388483837472441,\n",
       "  0.00034206360011326223,\n",
       "  0.0001875915353150983,\n",
       "  0.8598562417351363,\n",
       "  6.038228176970132e-05],\n",
       " [0.2853482212435433,\n",
       "  0.003619785430231796,\n",
       "  5.242750671680281e-05,\n",
       "  1.621172998555207e-05,\n",
       "  0.7109618018195201,\n",
       "  1.552270002411872e-06],\n",
       " [0.2799263057310732,\n",
       "  0.004721918186748105,\n",
       "  9.240047485846023e-05,\n",
       "  2.987606281838477e-05,\n",
       "  0.7152264238807843,\n",
       "  3.0756637175170514e-06],\n",
       " [0.9653162623679898,\n",
       "  0.010934284905707232,\n",
       "  6.638845207770049e-06,\n",
       "  3.346161975406386e-06,\n",
       "  0.02373940648629222,\n",
       "  6.123282734761073e-08],\n",
       " [0.9799238880692313,\n",
       "  0.015998157413326778,\n",
       "  1.2794062683398599e-05,\n",
       "  8.36480475162535e-06,\n",
       "  0.004056605215326729,\n",
       "  1.9043468025154475e-07],\n",
       " [0.21443300446345742,\n",
       "  0.007531997858662922,\n",
       "  0.00046323875673916974,\n",
       "  0.00018086721342461983,\n",
       "  0.77735921895365,\n",
       "  3.167275406590412e-05],\n",
       " [0.18973463420035813,\n",
       "  0.006204615009125981,\n",
       "  0.00027100307607972186,\n",
       "  0.00010151612673954565,\n",
       "  0.8036753635165791,\n",
       "  1.2868071117589625e-05],\n",
       " [0.5322233019638453,\n",
       "  0.006253474417157351,\n",
       "  8.652913392675322e-05,\n",
       "  3.9397932450651884e-05,\n",
       "  0.4613913689810877,\n",
       "  5.9275715323938545e-06],\n",
       " [0.5106895431097231,\n",
       "  0.013612322569306595,\n",
       "  0.00018074304745198237,\n",
       "  6.603281220660596e-05,\n",
       "  0.4754465446008623,\n",
       "  4.813860449507734e-06],\n",
       " [0.2974048411571052,\n",
       "  0.0027624287982386374,\n",
       "  2.3949415709805874e-05,\n",
       "  8.398291831729604e-06,\n",
       "  0.6997995690331709,\n",
       "  8.133039438091548e-07],\n",
       " [0.20936150021778197,\n",
       "  0.008399578198358624,\n",
       "  0.00017036158381957008,\n",
       "  5.504531590830805e-05,\n",
       "  0.7820097832731852,\n",
       "  3.7314109463105677e-06]]"
      ]
     },
     "execution_count": 220,
     "metadata": {},
     "output_type": "execute_result"
    }
   ],
   "source": [
    "features_from_glcm_0"
   ]
  },
  {
   "cell_type": "code",
   "execution_count": 202,
   "id": "3f67c463",
   "metadata": {},
   "outputs": [],
   "source": [
    "def euclidean_distance(s, k):\n",
    "    m = len(s)\n",
    "    d = 0\n",
    "    for i in range(m):\n",
    "        d += (s[i] - k[i])**2\n",
    "    return d\n",
    "\n",
    "def L1_norm(s, k):\n",
    "    m = len(s)\n",
    "    L1 = 0\n",
    "    for i in range(m):\n",
    "        L1 += abs(s[i] - k[i])\n",
    "    return L1\n",
    "\n",
    "def bhattacharyya_distance(s, k):\n",
    "    m = len(s)\n",
    "    B = 0\n",
    "    for i in range(m):\n",
    "        B += (s[i]*k[i])**0.5\n",
    "    return -math.log(B)\n",
    "\n",
    "def get_distance_matrix(feature_vector, distance):\n",
    "    size = len(feature_vector)\n",
    "    distance_matrix = np.zeros((size, size))\n",
    "    if distance == 'euclidean':\n",
    "        get_distance = euclidean_distance\n",
    "    elif distance == 'L1':\n",
    "        get_distance = L1_norm\n",
    "    elif distance == 'bhattacharyya':\n",
    "        get_distance = bhattacharyya_distance\n",
    "    for i in range(size):\n",
    "        for j in range(size):\n",
    "            distance_matrix[i][j] = round(get_distance(feature_vector[i], feature_vector[j]), 2) \n",
    "    return distance_matrix"
   ]
  },
  {
   "cell_type": "code",
   "execution_count": 221,
   "id": "5c4f4228",
   "metadata": {},
   "outputs": [],
   "source": [
    "distance_matrix = get_distance_matrix(features_from_glcm_0, 'euclidean')"
   ]
  },
  {
   "cell_type": "code",
   "execution_count": 222,
   "id": "ca6780ed",
   "metadata": {},
   "outputs": [
    {
     "name": "stdout",
     "output_type": "stream",
     "text": [
      "[0.   0.   0.06 0.07 0.01 0.42 0.02 0.03 0.17 0.12 0.04 0.02 0.   0.33\n",
      " 0.12 0.72 0.08 0.02 0.01 0.   0.56 0.03 0.04 0.23 0.02 0.01 0.03 0.\n",
      " 0.04 0.07 0.06 0.2  0.08 0.   0.02 0.04 0.03 0.05 0.   0.   0.06 0.01\n",
      " 0.   0.   0.01 0.05 0.02 0.09 0.09 0.   0.01 0.01 0.2  0.01 0.02 0.06\n",
      " 0.01 0.03 0.07 0.   0.02 0.07 0.02 0.   0.01 0.   0.   0.22 0.01 0.01\n",
      " 0.01 0.   0.   0.02 0.04 0.08 0.18 0.27 0.29 0.11 0.07 0.09 0.1  0.\n",
      " 0.09 0.   0.   0.08 0.05 0.08 0.09 0.03 0.27 0.   0.03 0.02 0.02 0.03\n",
      " 0.05 0.01 0.01 0.01 0.01 0.01 1.12 1.18 0.   0.   0.2  0.18 0.01 0.  ]\n",
      "[0.   0.   0.07 0.07 0.01 0.42 0.02 0.03 0.17 0.12 0.04 0.02 0.   0.33\n",
      " 0.12 0.72 0.08 0.02 0.01 0.   0.56 0.03 0.04 0.23 0.02 0.01 0.03 0.\n",
      " 0.04 0.07 0.06 0.2  0.08 0.   0.02 0.04 0.03 0.05 0.   0.   0.06 0.01\n",
      " 0.   0.   0.01 0.05 0.02 0.09 0.08 0.   0.01 0.01 0.2  0.01 0.02 0.06\n",
      " 0.01 0.03 0.07 0.   0.02 0.07 0.02 0.   0.01 0.   0.   0.22 0.01 0.01\n",
      " 0.01 0.   0.   0.02 0.04 0.08 0.18 0.27 0.29 0.11 0.07 0.09 0.1  0.\n",
      " 0.09 0.   0.   0.08 0.05 0.07 0.09 0.03 0.27 0.   0.03 0.02 0.02 0.03\n",
      " 0.05 0.01 0.01 0.01 0.01 0.01 1.13 1.18 0.   0.   0.2  0.18 0.01 0.  ]\n",
      "[0.06 0.07 0.   0.   0.13 0.15 0.15 0.19 0.03 0.01 0.   0.01 0.09 0.1\n",
      " 0.01 0.35 0.   0.16 0.03 0.06 0.24 0.01 0.2  0.05 0.14 0.14 0.19 0.1\n",
      " 0.   0.28 0.26 0.04 0.   0.06 0.01 0.   0.19 0.24 0.05 0.04 0.   0.11\n",
      " 0.07 0.04 0.12 0.23 0.15 0.31 0.3  0.07 0.12 0.02 0.04 0.11 0.01 0.24\n",
      " 0.02 0.18 0.28 0.09 0.16 0.26 0.14 0.07 0.14 0.06 0.1  0.05 0.03 0.03\n",
      " 0.02 0.06 0.09 0.17 0.22 0.   0.03 0.07 0.08 0.01 0.   0.   0.   0.06\n",
      " 0.   0.07 0.04 0.28 0.22 0.28 0.3  0.01 0.07 0.09 0.18 0.15 0.02 0.18\n",
      " 0.22 0.02 0.14 0.14 0.03 0.03 0.65 0.69 0.07 0.09 0.04 0.03 0.02 0.07]\n",
      "[0.07 0.07 0.   0.   0.14 0.15 0.15 0.19 0.02 0.01 0.   0.02 0.09 0.1\n",
      " 0.01 0.34 0.   0.16 0.03 0.06 0.24 0.01 0.21 0.05 0.15 0.14 0.19 0.11\n",
      " 0.   0.28 0.26 0.03 0.   0.06 0.01 0.   0.19 0.24 0.05 0.04 0.   0.12\n",
      " 0.07 0.05 0.12 0.23 0.15 0.31 0.3  0.08 0.12 0.02 0.03 0.11 0.01 0.25\n",
      " 0.02 0.19 0.28 0.09 0.16 0.27 0.15 0.07 0.14 0.06 0.11 0.04 0.03 0.03\n",
      " 0.02 0.06 0.1  0.17 0.22 0.   0.03 0.07 0.08 0.   0.   0.   0.   0.06\n",
      " 0.   0.07 0.05 0.29 0.23 0.28 0.31 0.01 0.07 0.09 0.19 0.16 0.02 0.18\n",
      " 0.23 0.02 0.14 0.14 0.03 0.03 0.64 0.68 0.07 0.09 0.03 0.03 0.02 0.07]\n",
      "[0.01 0.01 0.13 0.14 0.   0.58 0.   0.   0.28 0.21 0.1  0.06 0.01 0.47\n",
      " 0.2  0.92 0.15 0.   0.04 0.01 0.74 0.07 0.01 0.35 0.   0.   0.   0.\n",
      " 0.1  0.03 0.02 0.31 0.15 0.02 0.07 0.1  0.   0.01 0.02 0.03 0.12 0.\n",
      " 0.01 0.02 0.   0.01 0.   0.04 0.03 0.01 0.   0.05 0.31 0.   0.06 0.02\n",
      " 0.05 0.   0.03 0.01 0.   0.02 0.   0.01 0.   0.01 0.   0.34 0.04 0.04\n",
      " 0.05 0.02 0.   0.   0.01 0.15 0.29 0.4  0.42 0.19 0.14 0.17 0.18 0.02\n",
      " 0.16 0.01 0.02 0.03 0.01 0.03 0.03 0.07 0.39 0.   0.   0.   0.06 0.\n",
      " 0.01 0.05 0.   0.   0.04 0.04 1.37 1.43 0.01 0.01 0.31 0.28 0.05 0.01]\n",
      "[0.42 0.42 0.15 0.15 0.58 0.   0.61 0.68 0.05 0.09 0.2  0.26 0.47 0.01\n",
      " 0.09 0.04 0.13 0.62 0.32 0.41 0.01 0.24 0.71 0.03 0.6  0.59 0.68 0.51\n",
      " 0.2  0.85 0.81 0.04 0.14 0.41 0.25 0.19 0.68 0.77 0.38 0.35 0.17 0.53\n",
      " 0.42 0.37 0.55 0.76 0.6  0.9  0.88 0.44 0.54 0.3  0.04 0.52 0.26 0.78\n",
      " 0.28 0.67 0.85 0.47 0.62 0.82 0.59 0.42 0.58 0.41 0.51 0.03 0.31 0.31\n",
      " 0.3  0.4  0.49 0.64 0.74 0.14 0.05 0.02 0.01 0.1  0.14 0.12 0.11 0.4\n",
      " 0.13 0.42 0.36 0.85 0.75 0.85 0.89 0.24 0.02 0.48 0.67 0.61 0.27 0.67\n",
      " 0.75 0.3  0.59 0.58 0.31 0.31 0.17 0.19 0.42 0.47 0.04 0.05 0.29 0.43]\n",
      "[0.02 0.02 0.15 0.15 0.   0.61 0.   0.   0.3  0.23 0.11 0.07 0.01 0.5\n",
      " 0.23 0.96 0.17 0.   0.05 0.02 0.78 0.09 0.   0.37 0.   0.   0.   0.\n",
      " 0.11 0.02 0.01 0.33 0.17 0.02 0.08 0.12 0.   0.01 0.03 0.04 0.14 0.\n",
      " 0.02 0.03 0.   0.01 0.   0.03 0.02 0.01 0.   0.06 0.33 0.   0.08 0.01\n",
      " 0.07 0.   0.02 0.01 0.   0.01 0.   0.02 0.   0.02 0.   0.36 0.05 0.05\n",
      " 0.06 0.02 0.01 0.   0.01 0.17 0.32 0.43 0.45 0.21 0.16 0.19 0.2  0.02\n",
      " 0.18 0.02 0.03 0.02 0.01 0.02 0.03 0.09 0.42 0.01 0.   0.   0.07 0.\n",
      " 0.01 0.06 0.   0.   0.05 0.05 1.43 1.48 0.02 0.01 0.33 0.31 0.06 0.02]\n",
      "[0.03 0.03 0.19 0.19 0.   0.68 0.   0.   0.35 0.28 0.14 0.1  0.02 0.57\n",
      " 0.27 1.05 0.21 0.   0.07 0.03 0.85 0.11 0.   0.43 0.   0.   0.   0.01\n",
      " 0.14 0.01 0.01 0.38 0.21 0.04 0.1  0.15 0.   0.   0.04 0.06 0.17 0.01\n",
      " 0.03 0.05 0.01 0.   0.   0.02 0.01 0.03 0.01 0.08 0.38 0.01 0.1  0.\n",
